0
112
-5 -3.3 11
32
-6 -4.25 0
120
1
105
-5 -2.875 22
30
-6 0 10
79
2
106
-5 -0.825 31
34
-4 -0.75 4
120
3
108
-5 1.575 50
35
0 3.25 22
103
4
113
-4 2.625 33
34
0 7.25 20
85
5
117
-3 7 47
35
-2 7.75 18
154
6
114
-4 4.175 50
39
-2 1.25 4
130
7
104
-4 0.075 13
30
6 9.75 14
58
8
116
-4 5.15 33
35
-4 2.25 12
141
9
155
1 17.475 86
37
-2 4.75 10
200
10
102
-4 0.175 16
30
6 10.5 18
61
11
118
-2 5.575 29
40
0 9.5 30
105
12
108
-3 1.75 29
37
-2 3.5 10
120
13
109
-4 4.625 66
33
-2 1.5 8
148
14
118
-3 3.15 32
37
0 9.25 26
109
15
103
-4 0.075 13
30
8 12 20
52
16
105
-4 -0.1 9
33
-2 0 6
120
17
515
14 27.3 87
53
12 28.25 64
564
18
106
-3 0.875 19
30
10 13 16
60
19
118
-2 3.25 18
37
-2 4.25 14
121
20
113
-4 1.9 17
39
8 12 22
83
21
122
-2 6.725 31
36
0 4.5 14
260
22
107
-4 -0.725 14
33
-2 0.25 4
120
23
127
-3 2.975 21
39
2 9.5 20
108
24
108
-4 0.675 12
30
6 10.75 16
72
25
117
-4 2.825 34
34
2 9 22
110
26
109
-4 0.925 15
30
8 11.5 20
75
27
102
-4 -1.4 11
30
4 12 24
59
28
102
-4 -0.675 11
30
10 11.75 16
45
29
103
-4 -0.275 14
30
8 12.75 20
52
